4294967278,535
4294967279,176
20,2
4294967279,343
20,3
4294967278,534
4294967279,342
20,4
4294967278,72
4294967278,71
4294967278,70
4294967278,69
4294967278,68
4294967278,67
4294967278,66
4294967278,65
4294967278,64
4294967278,63
4294967278,62
4294967278,61
4294967278,60
4294967278,59
4294967278,58
4294967278,57
4294967278,56
4294967278,55
4294967278,54
4294967278,53
4294967278,52
4294967278,51
4294967278,50
4294967278,49
4294967278,48
4294967278,47
4294967278,46
4294967278,45
4294967278,44
4294967278,43
4294967278,42
4294967278,41
4294967278,40
4294967278,39
4294967278,38
4294967278,37
4294967278,36
4294967278,35
4294967278,34
4294967294,965
4294967294,963
4294967294,962
4294967294,961
4294967294,909
4294967294,907
4294967294,904
4294967294,902
4294967294,897
4294967294,830
4294967279,299
4294967279,298
4294967279,165
4294967279,163
37,4
4294967279,164
37,3
37,2
37,1
4294967279,341
14,4
4294967278,533
4294967278,532
4294967279,340
4294967278,531
4294967279,159
4294967278,158
4294967294,1415
4294967294,1414
4294967279,158
4294967279,157
4294967279,154
36,7
4294967279,153
36,6
4294967278,153
36,5
36,4
36,3
36,2
36,1
4294967278,530
4294967294,964
4294967294,960
4294967294,913
4294967294,912
4294967294,911
4294967294,910
4294967294,906
4294967294,905
4294967294,903
4294967294,899
4294967294,896
4294967294,128
4294967294,189
4294967294,1409
4294967278,33
4294967278,30
4294967278,28
4294967278,27
4294967278,26
4294967278,25
4294967278,24
4294967278,22
4294967278,18
4294967278,16
4294967278,15
4294967278,14
4294967278,13
4294967279,339
4294967278,23
4294967278,529
4294967278,32
4294967279,291
11,3
4294967278,31
4294967278,287
4294967279,338
4294967279,141
4294967278,528
4294967278,29
4294967279,140
4294967278,140
4294967279,139
11,4
12,4
4294967278,138
35,6
35,5
35,4
35,3
35,2
35,1
4294967278,21
4294967278,270
4294967279,337
4294967278,527
4294967278,20
4294967279,284
4294967278,526
4294967278,19
4294967278,278
4294967279,269
4294967278,17
4294967278,281
4294967278,269
4294967294,89
8,4
34,5
34,4
34,3
34,2
34,1
4294967278,280
4294967279,288
4294967294,393
4294967294,115
4294967294,120
4294967278,258
4294967278,525
4294967279,262
4294967278,274
4294967279,261
4294967278,275
4294967279,285
4294967279,336
33,5
4294967278,524
33,4
4294967279,255
33,3
33,2
33,1
4294967279,335
4294967278,252
4294967278,251
4294967279,334
4294967279,333
15,3
4294967278,523
4294967279,254
4294967279,332
4294967294,947
4294967279,331
4294967278,245
32,6
32,5
4294967279,249
32,4
4294967278,246
32,3
32,2
32,1
4294967279,247
4294967278,119
4294967278,118
4294967278,115
4294967278,113
4294967278,112
4294967278,111
4294967278,297
4294967278,295
4294967278,12
4294967278,11
4294967278,10
4294967278,9
4294967278,8
4294967278,7
4294967278,6
4294967278,5
4294967278,4
4294967279,132
4294967279,131
4294967279,130
4294967279,129
4294967279,128
4294967279,127
4294967279,126
4294967279,125
4294967279,124
4294967279,123
4294967279,122
4294967279,121
4294967279,120
4294967279,119
4294967279,115
4294967279,113
4294967279,112
4294967279,111
4294967279,110
4294967279,108
4294967279,104
4294967279,102
4294967279,101
4294967279,100
4294967279,245
4294967279,118
4294967279,109
4294967294,107
4294967278,117
4294967279,330
4294967279,117
4294967294,1411
4294967294,972
4294967278,116
4294967278,242
4294967279,116
4294967279,241
4294967278,522
4294967278,114
4294967279,329
4294967279,114
4294967279,234
4294967278,232
4294967279,232
31,5
4294967278,230
31,4
4294967279,230
31,3
31,2
31,1
4294967279,229
4294967278,228
4294967278,226
4294967294,471
4294967279,107
4294967279,225
4294967294,46
4294967278,223
4294967279,106
4294967279,223
4294967278,220
4294967278,221
4294967279,105
4294967279,221
4294967278,218
4294967294,473
4294967294,2
4294967278,216
4294967278,217
4294967279,103
4294967279,217
4294967278,214
4294967294,1410
4294967278,212
4294967278,209
30,6
4294967278,211
30,5
30,4
4294967278,210
30,3
30,2
30,1
4294967278,521
4294967279,210
4294967278,208
4294967279,328
4294967278,520
4294967278,205
4294967278,519
4294967279,327
4294967278,204
4294967278,203
4294967278,518
4294967279,326
4294967278,202
4294967294,83
4294967279,201
4294967278,200
4294967278,197
4294967279,200
29,6
4294967278,199
29,5
29,4
4294967278,198
29,3
29,2
29,1
4294967294,18
4294967294,127
4294967294,126
4294967294,20
4294967294,13
4294967294,80
4294967294,75
